0,481
0,476
0,475
0,472
0,471
0,470
0,465
0,464
0,457
0,383
0,382
0,381
0,380
198,38
198,37
0,500
0,483
0,398
0,379
0,377
176,127
176,126
176,125
176,124
176,123
176,122
176,121
176,120
176,119
176,118
176,117
176,116
176,115
176,114
176,113
176,112
176,111
176,110
176,109
176,108
176,107
176,106
176,105
176,104
176,103
176,102
174,4
0,376
196,4
195,6
195,5
195,4
195,1
195,3
196,6
196,5
196,1
196,3
198,36
0,372
198,35
176,68
176,67
176,66
176,65
176,64
176,12
176,9
176,8
176,7
176,11
176,10
3,2
3,1
3,3
10,2
10,1
10,3
11,2
11,1
11,3
9,2
9,1
9,3
8,2
8,1
8,3
12,2
12,1
12,3
20,2
20,1
20,3
19,2
19,1
19,3
191,2
188,4
188,3
188,1
187,5
187,3
18,1
187,1
18,3
183,6
183,4
183,3
183,1
182,5
182,4
182,3
182,1
181,5
181,4
181,3
181,1
180,3
180,1
179,5
179,4
179,3
179,1
178,9
178,8
177,21
177,20
178,10
180,4
180,5
177,19
178,11
178,3
178,7
178,6
177,18
178,5
178,1
177,16
178,4
177,14
177,17
177,12
177,11
177,10
